2 3 3 1 
-2.14079 -6.52944e-10 0.254697 -4.44144e-08 2.5387 9.29219e-09 
1.35374 3.28677e-10 1.69086 2.72769e-09 1.97848 7.66241e-10 
-0.767427 1.28924e-09 -1.0078 -4.6449e-08 -0.718631 1.00833e-08 

0.904726 -1.1497e-08 1.63374 -3.4096e-08 0.330446 -1.18127e-08 
-0.157553 -1.01355e-08 -1.81862 -2.66733e-08 -0.621979 -1.33948e-08 
1.47084 1.08502e-08 1.83986 3.39393e-08 0.142202 1.19604e-08 
0.0218501 1.15584e-08 -0.25402 3.61241e-08 0.645898 1.2946e-08 

0.484171 2.06963e-08 
2.38384 3.72565e-08 
0.789312 2.84064e-08 
1.75438 3.59779e-08 




